[Coor_After]
p0x = 7.5
p0y = 3.9
p0z = 1.1
p1x = 7.2
p1y = 8.8
p1z = 7.1
p2x = 7.3
p2y = 5.7
p2z = 7.2
p3x = 0.1
p3y = 4.1
p3z = 8.1
p4x = 3.3
p4y = 5.7
p4z = 7.8

[Coor_Before]
p0x = 3.7250336
p0y = 4.458632400000001
p0z = 6.7843919
p1x = 7.9395012000000005
p1y = 5.3796208000000005
p1z = 4.944224799999999
p2x = 7.2579668
p2y = 3.7372411999999997
p2z = 5.7957697
p3x = 5.3134384
p3y = 0.27221559999999984
p3z = -1.0648639
p4x = 6.4475068
p4y = 2.2586011999999998
p4z = 1.7614496999999996

